150
1 10
3 5
3 3
1000 1100
1000 1010
71 73
2147483547 2147483647
2147483547 2147483647
2147483547 2147483647
2147483547 2147483647
2147483547 2147483647
2147483547 2147483647
2147483547 2147483647
2147483547 2147483647
2147483547 2147483647
2147483547 2147483647
2147483547 2147483647
2147483547 2147483647
2147483547 2147483647
2147483547 2147483647
2147483547 2147483647
2147483547 2147483647
2147483547 2147483647
2147483547 2147483647
2147483547 2147483647
2147483547 2147483647
2147483547 2147483647
2147483547 2147483647
2147483547 2147483647
2147483547 2147483647
2147483547 2147483647
2147483547 2147483647
2147483547 2147483647
2147483547 2147483647
2147483547 2147483647
2147483547 2147483647
2147483547 2147483647
2147483547 2147483647
2147483547 2147483647
2147483547 2147483647
2147483547 2147483647
2147483547 2147483647
2147483547 2147483647
2147483547 2147483647
2147483547 2147483647
2147483547 2147483647
2147483547 2147483647
2147483547 2147483647
2147483547 2147483647
2147483547 2147483647
2147483547 2147483647
2147483547 2147483647
2147483547 2147483647
2147483547 2147483647
2147483547 2147483647
2147483547 2147483647
2147483547 2147483647
2147483547 2147483647
2147483547 2147483647
2147483547 2147483647
2147483547 2147483647
2147483547 2147483647
2147483547 2147483647
2147483547 2147483647
2147483547 2147483647
2147483547 2147483647
2147483547 2147483647
2147483547 2147483647
2147483547 2147483647
2147483547 2147483647
2147483547 2147483647
2147483547 2147483647
2147483547 2147483647
2147483547 2147483647
2147483547 2147483647
2147483547 2147483647
2147483547 2147483647
2147483547 2147483647
2147483547 2147483647
2147483547 2147483647
2147483547 2147483647
2147483547 2147483647
2147483547 2147483647
2147483547 2147483647
2147483547 2147483647
2147483547 2147483647
2147483547 2147483647
2147483547 2147483647
2147483547 2147483647
2147483547 2147483647
2147483547 2147483647
2147483547 2147483647
2147483547 2147483647
2147483547 2147483647
2147483547 2147483647
2147483547 2147483647
2147483547 2147483647
2147483547 2147483647
2147483547 2147483647
2147483547 2147483647
2147483547 2147483647
2147483547 2147483647
2147483547 2147483647
2147483547 2147483647
2147483547 2147483647
2147483547 2147483647
2147483547 2147483647
2147483547 2147483647
2147483547 2147483647
2147483547 2147483647
2147483547 2147483647
2147483547 2147483647
2147483547 2147483647
2147483547 2147483647
2147483547 2147483647
2147483547 2147483647
2147483547 2147483647
2147483547 2147483647
2147483547 2147483647
2147483547 2147483647
2147483547 2147483647
2147483547 2147483647
2147483547 2147483647
2147483547 2147483647
2147483547 2147483647
2147483547 2147483647
2147483547 2147483647
2147483547 2147483647
2147483547 2147483647
2147483547 2147483647
2147483547 2147483647
2147483547 2147483647
2147483547 2147483647
2147483547 2147483647
2147483547 2147483647
2147483547 2147483647
2147483547 2147483647
2147483547 2147483647
2147483547 2147483647
2147483547 2147483647
2147483547 2147483647
2147483547 2147483647
2147483547 2147483647
2147483547 2147483647
2147483547 2147483647
2147483547 2147483647
2147483547 2147483647
2147483547 2147483647
2147483547 2147483647
2147483547 2147483647
